Multiple size <= 100
TEST 1 ARG:37 92 12 60 8 43 82 46 40 15 63 97 89 84 50 23 78 20 27 26 71 91 73 42 69 61 17 64 59 33 62 65 57 29 1 88 19 49 86 18 80 11 99 81 51 36 4 14 44 3 55 16 96 83 79 67 31 76 58 21 30 38 5 56 52 70 68 24 95 45 72 94 66 13 93 98 10 9 54 28 22 25 90 34 85 75 41 6 74 32 53 35 7 39 87 0 48 77 2 47
TEST 2 ARG:98 65 81 12 50 20 58 29 7 74 41 21 37 66 63 64 22 25 60 79 91 96 67 89 84 49 99 56 24 57 18 93 34 35 19 28 70 61 0 68 1 72 6 97 71 55 36 10 59 2 13 73 51 30 31 3 5 85 78 27 23 87 48 43 11 4 90 45 62 69 9 32 16 75 83 95 88 80 86 39 17 82 44 76 40 38 94 54 53 15 77 8 33 52 47 26 92 14 42 46
TEST 2 ARG:98 65 81 12 50 20 58 29 7 74 41 21 37 66 63 64 22 25 60 79 91 96 67 89 84 49 99 56 24 57 18 93 34 35 19 28 70 61 0 68 1 72 6 97 71 55 36 10 59 2 13 73 51 30 31 3 5 85 78 27 23 87 48 43 11 4 90 45 62 69 9 32 16 75 83 95 88 80 86 39 17 82 44 76 40 38 94 54 53 15 77 8 33 52 47 26 92 14 42 46
TEST 3 ARG:91 88 4 83 1 43 51 6 96 73 8 86 27 2 14 87 7 60 48 72 80 74 78 22 63 29 28 36 69 55 53 46 97 9 39 76 32 66 0 21 50 59 99 81 70 85 31 25 47 98 65 52 15 35 84 33 19 75 94 42 20 11 58 13 10 30 57 89 82 49 54 90 23 34 38 77 41 26 3 95 37 68 64 24 62 45 17 61 12 67 93 18 40 44 79 92 5 56 71 16
TEST 3 ARG:91 88 4 83 1 43 51 6 96 73 8 86 27 2 14 87 7 60 48 72 80 74 78 22 63 29 28 36 69 55 53 46 97 9 39 76 32 66 0 21 50 59 99 81 70 85 31 25 47 98 65 52 15 35 84 33 19 75 94 42 20 11 58 13 10 30 57 89 82 49 54 90 23 34 38 77 41 26 3 95 37 68 64 24 62 45 17 61 12 67 93 18 40 44 79 92 5 56 71 16
TEST 4 ARG:2 7 31 99 22 67 19 36 88 78 44 81 63 55 15 11 0 51 96 41 26 89 38 75 25 69 64 60 24 47 21 39 9 95 20 97 53 83 84 86 27 79 16 59 98 73 57 13 71 23 42 61 32 1 65 10 68 48 50 72 33 3 45 80 6 94 17 34 70 74 93 4 40 28 66 85 43 18 46 92 8 54 30 5 14 82 58 37 91 62 77 87 35 12 52 76 56 90 49 29
TEST 5 ARG:9 73 56 75 91 96 43 40 23 67 36 63 14 66 1 49 18 58 38 28 12 11 51 88 19 27 48 80 13 81 30 87 61 65 42 37 98 82 3 41 25 20 7 32 45 52 54 89 79 29 86 6 24 84 10 53 94 55 5 77 97 2 74 44 70 83 99 93 72 69 34 26 85 78 35 15 59 68 4 62 90 21 47 64 17 22 60 33 57 0 95 46 92 50 71 39 8 76 16 31
TEST 6 ARG:63 60 26 90 74 73 66 33 79 93 49 54 75 67 65 85 92 18 50 22 0 83 8 91 15 99 61 81 56 44 42 96 32 38 21 6 51 59 19 25 77 17 35 46 31 89 70 13 2 80 95 82 86 30 16 52 23 34 57 84 62 76 68 1 72 10 47 45 43 94 88 9 27 53 39 41 11 71 3 29 5 28 97 4 98 37 12 14 40 78 58 48 64 69 55 87 36 7 24 20
TEST 6 ARG:63 60 26 90 74 73 66 33 79 93 49 54 75 67 65 85 92 18 50 22 0 83 8 91 15 99 61 81 56 44 42 96 32 38 21 6 51 59 19 25 77 17 35 46 31 89 70 13 2 80 95 82 86 30 16 52 23 34 57 84 62 76 68 1 72 10 47 45 43 94 88 9 27 53 39 41 11 71 3 29 5 28 97 4 98 37 12 14 40 78 58 48 64 69 55 87 36 7 24 20
TEST 7 ARG:32 43 35 96 19 61 74 2 25 63 18 30 41 22 40 57 31 23 54 99 73 70 93 51 87 7 45 47 80 90 62 56 38 24 12 4 59 44 21 88 72 86 76 8 92 17 97 60 0 82 65 83 28 46 34 26 37 95 3 66 27 64 36 9 98 1 68 71 91 11 20 85 78 69 53 13 42 77 15 14 75 10 50 55 6 89 94 79 33 16 39 67 49 48 81 58 5 84 52 29
TEST 8 ARG:66 3 6 24 67 80 91 72 34 10 31 59 99 0 33 86 73 41 29 14 9 69 81 45 78 13 44 17 89 42 87 52 11 12 39 85 90 64 38 16 77 19 30 1 49 76 54 37 57 2 65 25 8 22 82 18 94 60 27 79 53 96 36 47 28 23 26 58 50 98 51 48 7 84 55 92 75 83 93 63 56 5 70 15 46 97 95 21 4 88 68 74 32 61 40 71 20 35 43 62
TEST 8 ARG:66 3 6 24 67 80 91 72 34 10 31 59 99 0 33 86 73 41 29 14 9 69 81 45 78 13 44 17 89 42 87 52 11 12 39 85 90 64 38 16 77 19 30 1 49 76 54 37 57 2 65 25 8 22 82 18 94 60 27 79 53 96 36 47 28 23 26 58 50 98 51 48 7 84 55 92 75 83 93 63 56 5 70 15 46 97 95 21 4 88 68 74 32 61 40 71 20 35 43 62
TEST 9 ARG:77 39 25 65 36 4 69 5 61 19 15 88 86 34 22 85 81 30 91 93 80 38 27 42 33 24 45 66 23 95 50 37 67 87 16 73 49 64 41 83 3 58 1 97 21 35 2 54 43 11 32 75 18 84 48 99 13 76 63 31 28 6 92 59 26 7 82 90 62 40 60 46 52 17 70 71 56 57 94 44 12 14 47 0 89 72 10 51 20 9 74 29 78 96 53 98 55 79 68 8
TEST 9 ARG:77 39 25 65 36 4 69 5 61 19 15 88 86 34 22 85 81 30 91 93 80 38 27 42 33 24 45 66 23 95 50 37 67 87 16 73 49 64 41 83 3 58 1 97 21 35 2 54 43 11 32 75 18 84 48 99 13 76 63 31 28 6 92 59 26 7 82 90 62 40 60 46 52 17 70 71 56 57 94 44 12 14 47 0 89 72 10 51 20 9 74 29 78 96 53 98 55 79 68 8
TEST 10 ARG:58 48 94 69 80 18 73 62 3 9 88 46 72 70 26 41 64 40 87 99 97 63 52 19 91 89 0 56 50 45 92 44 47 38 14 74 76 96 11 71 25 36 30 22 68 61 86 34 59 10 37 20 8 93 51 77 13 23 17 60 79 82 75 67 2 90 33 54 95 32 16 24 6 31 15 12 55 28 49 1 39 57 66 7 35 4 65 21 5 81 85 98 27 78 84 29 83 43 53 42
TEST 10 ARG:58 48 94 69 80 18 73 62 3 9 88 46 72 70 26 41 64 40 87 99 97 63 52 19 91 89 0 56 50 45 92 44 47 38 14 74 76 96 11 71 25 36 30 22 68 61 86 34 59 10 37 20 8 93 51 77 13 23 17 60 79 82 75 67 2 90 33 54 95 32 16 24 6 31 15 12 55 28 49 1 39 57 66 7 35 4 65 21 5 81 85 98 27 78 84 29 83 43 53 42
TEST 11 ARG:37 5 55 65 18 30 29 95 91 92 72 80 62 10 3 89 34 77 36 85 74 25 19 39 58 93 88 27 43 94 38 75 40 69 52 15 67 79 32 98 63 0 16 53 78 44 97 42 76 48 66 73 57 24 46 71 35 2 17 56 51 87 68 45 83 12 90 59 13 49 9 7 81 6 26 82 41 47 20 33 96 31 8 84 4 50 14 1 61 86 22 28 54 70 64 99 23 60 11 21
TEST 11 ARG:37 5 55 65 18 30 29 95 91 92 72 80 62 10 3 89 34 77 36 85 74 25 19 39 58 93 88 27 43 94 38 75 40 69 52 15 67 79 32 98 63 0 16 53 78 44 97 42 76 48 66 73 57 24 46 71 35 2 17 56 51 87 68 45 83 12 90 59 13 49 9 7 81 6 26 82 41 47 20 33 96 31 8 84 4 50 14 1 61 86 22 28 54 70 64 99 23 60 11 21
TEST 12 ARG:49 52 74 69 41 2 22 54 90 60 26 62 4 88 76 31 42 66 40 87 71 18 25 23 95 16 19 85 37 0 56 89 14 64 50 83 10 11 13 33 93 6 36 51 98 58 21 1 59 29 70 81 86 30 55 9 24 78 44 53 34 15 63 43 72 96 94 47 35 45 27 61 80 75 38 57 32 77 92 65 48 7 91 28 99 73 67 3 8 17 82 5 12 84 68 46 79 97 39 20
TEST 13 ARG:80 22 21 44 11 57 99 48 91 98 60 4 18 30 14 17 90 9 31 69 73 37 34 53 19 66 16 55 84 5 59 6 67 40 71 94 79 43 15 47 76 85 24 45 86 51 27 56 97 3 28 20 46 61 1 83 58 36 52 78 2 12 89 33 49 50 82 26 96 8 75 0 38 29 95 74 25 81 72 63 32 7 93 64 23 92 54 35 77 62 65 88 42 10 70 41 39 68 13 87
TEST 13 ARG:80 22 21 44 11 57 99 48 91 98 60 4 18 30 14 17 90 9 31 69 73 37 34 53 19 66 16 55 84 5 59 6 67 40 71 94 79 43 15 47 76 85 24 45 86 51 27 56 97 3 28 20 46 61 1 83 58 36 52 78 2 12 89 33 49 50 82 26 96 8 75 0 38 29 95 74 25 81 72 63 32 7 93 64 23 92 54 35 77 62 65 88 42 10 70 41 39 68 13 87
TEST 14 ARG:33 40 36 81 4 9 89 37 49 46 28 62 52 83 47 92 57 95 14 94 77 6 15 2 72 68 31 70 88 84 48 79 58 39 29 3 21 12 13 51 42 1 87 45 78 99 41 50 0 63 34 53 76 55 23 26 91 82 19 5 71 56 67 18 10 59 44 16 38 7 64 20 17 54 80 27 75 69 73 65 96 61 11 24 98 86 25 60 66 8 85 97 30 43 32 90 22 74 35 93
TEST 15 ARG:30 69 24 27 4 66 32 54 45 0 91 8 6 59 20 92 3 84 28 39 23 68 19 67 49 40 80 43 12 18 17 33 94 25 93 37 29 73 55 61 85 5 65 78 81 16 79 34 60 97 98 14 35 46 56 50 64 89 44 96 47 52 41 48 58 42 74 99 77 11 51 38 88 75 71 1 22 10 87 70 83 7 62 95 57 53 13 63 26 76 31 2 21 36 86 72 9 15 90 82
TEST 16 ARG:45 64 0 60 87 1 40 21 53 77 69 65 62 30 99 78 14 50 36 71 86 33 6 17 54 70 19 74 27 15 79 32 59 34 43 41 49 73 80 7 4 57 24 91 81 46 66 90 2 83 68 8 56 63 98 44 35 85 39 13 26 51 28 55 29 61 48 3 22 9 20 88 47 25 12 18 89 67 95 52 42 97 75 16 10 72 76 5 37 93 96 31 23 92 58 94 11 82 84 38
TEST 17 ARG:18 90 15 82 61 96 32 78 97 42 40 93 27 68 62 79 24 6 70 75 0 25 63 16 98 86 46 23 21 88 14 94 45 31 8 20 1 17 34 66 19 44 91 74 52 83 71 92 54 60 39 43 29 33 72 35 28 84 81 37 55 99 56 7 73 69 80 85 2 9 65 76 10 57 4 13 12 50 41 47 77 59 26 51 11 30 67 48 89 95 49 5 38 53 64 36 58 22 87 3
TEST 18 ARG:19 55 48 38 85 20 63 78 53 93 7 82 94 51 72 67 46 99 23 6 13 58 29 18 56 21 52 15 69 0 41 86 50 14 35 30 34 74 65 24 45 97 10 80 87 62 33 44 70 37 76 88 39 57 40 12 59 54 95 43 61 71 42 89 96 8 11 16 28 9 17 98 5 47 31 75 4 27 66 3 1 26 91 32 90 25 2 64 77 92 68 36 79 84 81 60 49 83 22 73
TEST 19 ARG:77 44 65 7 49 10 30 55 59 74 58 97 12 88 70 23 16 76 54 19 89 53 67 37 68 48 1 39 14 8 3 42 32 51 61 96 91 40 69 95 18 85 78 87 92 62 17 56 35 90 26 11 34 13 0 57 79 71 20 25 84 5 66 36 64 73 24 38 81 99 52 86 15 82 63 43 28 93 2 45 47 60 27 75 6 21 94 72 9 83 31 50 4 41 22 46 98 80 33 29
TEST 19 ARG:77 44 65 7 49 10 30 55 59 74 58 97 12 88 70 23 16 76 54 19 89 53 67 37 68 48 1 39 14 8 3 42 32 51 61 96 91 40 69 95 18 85 78 87 92 62 17 56 35 90 26 11 34 13 0 57 79 71 20 25 84 5 66 36 64 73 24 38 81 99 52 86 15 82 63 43 28 93 2 45 47 60 27 75 6 21 94 72 9 83 31 50 4 41 22 46 98 80 33 29
TEST 20 ARG:46 3 80 89 18 85 49 67 75 72 58 27 79 57 5 83 42 26 13 68 6 12 78 30 37 99 84 38 2 34 70 61 31 8 90 92 41 39 45 32 87 95 60 59 22 53 10 24 47 81 25 15 44 48 28 43 91 56 73 96 77 82 97 40 17 66 35 7 62 14 52 71 16 19 74 36 9 69 11 29 65 20 1 93 98 51 86 0 4 64 33 76 54 94 23 88 55 50 63 21
TEST 20 ARG:46 3 80 89 18 85 49 67 75 72 58 27 79 57 5 83 42 26 13 68 6 12 78 30 37 99 84 38 2 34 70 61 31 8 90 92 41 39 45 32 87 95 60 59 22 53 10 24 47 81 25 15 44 48 28 43 91 56 73 96 77 82 97 40 17 66 35 7 62 14 52 71 16 19 74 36 9 69 11 29 65 20 1 93 98 51 86 0 4 64 33 76 54 94 23 88 55 50 63 21
TEST 21 ARG:21 34 12 36 13 31 41 54 24 48 62 73 46 6 47 32 42 64 79 71 78 39 53 38 92 88 89 67 51 1 77 50 65 19 55 60 10 63 7 82 35 16 70 61 91 18 37 85 68 87 20 95 40 2 97 56 3 45 80 5 4 30 22 23 99 58 59 25 98 26 43 83 57 74 52 8 96 15 28 44 14 72 33 86 93 11 81 29 90 49 75 0 94 27 69 84 9 76 17 66
TEST 22 ARG:71 35 48 65 46 86 38 89 8 97 27 76 12 62 94 56 42 13 54 68 43 2 90 3 80 10 77 37 26 78 11 50 21 29 70 64 0 98 7 91 47 79 14 1 96 51 23 16 31 30 59 87 69 93 28 99 33 55 73 9 61 5 4 20 60 39 17 22 58 74 52 95 19 72 83 40 6 81 66 92 63 24 32 25 36 82 53 85 84 34 18 44 57 15 67 41 88 75 49 45
TEST 22 ARG:71 35 48 65 46 86 38 89 8 97 27 76 12 62 94 56 42 13 54 68 43 2 90 3 80 10 77 37 26 78 11 50 21 29 70 64 0 98 7 91 47 79 14 1 96 51 23 16 31 30 59 87 69 93 28 99 33 55 73 9 61 5 4 20 60 39 17 22 58 74 52 95 19 72 83 40 6 81 66 92 63 24 32 25 36 82 53 85 84 34 18 44 57 15 67 41 88 75 49 45
TEST 23 ARG:57 28 26 53 93 43 24 30 59 61 68 33 79 88 18 49 38 29 51 47 83 8 14 17 7 23 34 78 41 85 90 10 27 81 5 62 13 2 54 99 52 32 97 63 11 42 67 86 71 84 94 15 25 91 21 66 56 64 12 36 20 9 58 22 98 72 35 48 75 31 70 92 69 65 44 4 82 16 96 74 39 6 80 1 89 3 76 73 0 19 40 55 77 45 60 87 46 37 50 95
TEST 23 ARG:57 28 26 53 93 43 24 30 59 61 68 33 79 88 18 49 38 29 51 47 83 8 14 17 7 23 34 78 41 85 90 10 27 81 5 62 13 2 54 99 52 32 97 63 11 42 67 86 71 84 94 15 25 91 21 66 56 64 12 36 20 9 58 22 98 72 35 48 75 31 70 92 69 65 44 4 82 16 96 74 39 6 80 1 89 3 76 73 0 19 40 55 77 45 60 87 46 37 50 95
TEST 24 ARG:60 93 64 21 34 58 17 79 90 55 51 86 71 8 35 57 46 37 98 18 13 30 68 85 4 26 45 78 81 53 91 7 97 84 82 3 10 69 59 77 62 49 94 43 36 75 23 73 95 54 52 11 20 50 16 40 70 72 33 56 63 67 87 15 14 0 74 38 19 27 48 29 1 76 31 65 9 28 88 24 41 83 32 39 92 47 5 12 66 44 22 96 6 2 61 99 25 80 42 89
TEST 25 ARG:53 85 49 17 3 86 14 61 84 54 73 71 56 0 39 47 98 58 32 96 33 91 35 50 9 25 99 89 88 74 95 10 67 72 4 55 62 60 21 93 29 76 24 23 12 70 6 75 82 36 43 42 8 66 18 13 65 30 5 31 22 34 63 68 87 51 94 57 2 40 97 83 46 27 38 80 7 69 37 41 78 19 26 59 15 11 48 92 64 45 28 44 77 20 1 90 52 81 16 79
TEST 26 ARG:86 0 46 29 89 9 98 34 91 64 33 39 14 61 73 90 36 35 76 84 95 99 18 43 87 51 59 94 5 17 62 66 45 78 15 97 83 79 75 12 38 80 44 8 28 3 63 25 77 67 56 19 48 96 13 65 30 37 20 60 53 74 71 82 40 11 2 24 52 88 70 68 49 54 41 23 47 31 22 72 1 92 26 27 85 4 69 50 93 55 16 6 42 32 81 57 10 58 7 21
TEST 26 ARG:86 0 46 29 89 9 98 34 91 64 33 39 14 61 73 90 36 35 76 84 95 99 18 43 87 51 59 94 5 17 62 66 45 78 15 97 83 79 75 12 38 80 44 8 28 3 63 25 77 67 56 19 48 96 13 65 30 37 20 60 53 74 71 82 40 11 2 24 52 88 70 68 49 54 41 23 47 31 22 72 1 92 26 27 85 4 69 50 93 55 16 6 42 32 81 57 10 58 7 21
TEST 27 ARG:82 23 46 62 6 98 48 95 32 75 89 87 38 12 14 60 9 8 13 67 65 21 0 39 74 64 27 88 96 3 92 53 72 41 86 50 54 85 45 59 84 4 47 10 94 63 91 55 52 22 17 76 42 44 25 73 5 70 69 37 90 61 68 2 15 78 29 7 28 24 93 40 99 80 77 1 49 11 31 43 83 57 33 20 26 71 30 81 35 97 56 16 66 36 58 79 18 51 19 34
TEST 27 ARG:82 23 46 62 6 98 48 95 32 75 89 87 38 12 14 60 9 8 13 67 65 21 0 39 74 64 27 88 96 3 92 53 72 41 86 50 54 85 45 59 84 4 47 10 94 63 91 55 52 22 17 76 42 44 25 73 5 70 69 37 90 61 68 2 15 78 29 7 28 24 93 40 99 80 77 1 49 11 31 43 83 57 33 20 26 71 30 81 35 97 56 16 66 36 58 79 18 51 19 34
TEST 28 ARG:48 50 55 35 56 0 34 5 68 77 65 80 13 59 69 74 29 95 61 58 84 88 66 70 31 45 64 37 27 17 83 10 49 76 97 44 12 23 94 28 78 43 53 79 96 16 51 26 32 89 8 75 72 47 14 71 1 42 30 41 62 98 18 90 4 81 52 40 39 15 63 33 38 46 3 21 93 24 73 91 7 87 25 22 57 85 92 20 19 99 67 9 60 2 86 11 54 82 6 36
TEST 29 ARG:83 57 88 26 49 37 70 51 13 23 33 6 4 39 7 12 8 29 99 3 25 19 97 75 74 52 59 63 96 92 68 41 76 54 78 91 67 21 32 43 30 34 56 20 71 73 36 98 90 50 18 45 95 1 47 94 55 44 28 89 16 5 66 72 62 82 84 42 40 46 17 31 80 64 79 77 58 53 35 93 9 14 65 87 0 10 48 11 85 15 61 22 81 86 60 24 27 2 38 69
TEST 29 ARG:83 57 88 26 49 37 70 51 13 23 33 6 4 39 7 12 8 29 99 3 25 19 97 75 74 52 59 63 96 92 68 41 76 54 78 91 67 21 32 43 30 34 56 20 71 73 36 98 90 50 18 45 95 1 47 94 55 44 28 89 16 5 66 72 62 82 84 42 40 46 17 31 80 64 79 77 58 53 35 93 9 14 65 87 0 10 48 11 85 15 61 22 81 86 60 24 27 2 38 69
TEST 30 ARG:12 73 32 26 17 84 83 35 57 15 77 29 46 6 38 76 14 70 11 87 97 59 79 23 58 20 2 50 3 81 9 49 86 44 24 74 82 0 4 31 43 53 60 68 90 93 33 92 63 25 85 8 78 13 28 10 40 62 95 19 7 42 30 75 34 56 48 72 18 22 27 5 96 37 71 52 67 41 99 65 36 45 80 51 1 61 21 94 88 55 47 39 16 66 91 64 89 98 54 69
TEST 31 ARG:33 86 44 99 1 72 54 21 76 30 62 80 58 42 75 37 24 87 98 95 67 49 56 52 13 27 69 89 61 90 28 0 92 93 3 25 34 32 22 68 5 23 60 4 77 51 40 85 57 31 17 53 96 41 55 66 79 26 84 16 48 9 12 91 83 82 11 14 36 65 64 81 8 2 47 19 88 45 46 43 59 94 97 74 7 71 39 10 35 6 15 78 70 20 18 73 63 38 29 50
TEST 32 ARG:29 55 71 67 22 85 83 26 54 94 4 34 43 14 57 79 44 38 24 64 8 60 10 73 50 77 53 65 49 36 40 68 66 23 87 37 15 19 32 81 63 12 0 48 25 99 3 11 30 91 86 51 92 5 56 35 7 33 39 78 20 17 70 46 74 52 16 90 6 62 80 18 97 93 2 58 96 72 95 1 47 59 28 98 76 13 45 89 27 88 75 61 9 69 84 42 21 31 41 82
TEST 33 ARG:33 18 27 94 59 52 63 29 74 79 23 76 9 66 53 14 80 60 55 50 0 21 51 8 17 4 31 84 38 69 61 32 10 22 95 25 49 67 97 47 26 83 34 62 98 3 89 15 43 73 72 35 96 57 86 64 93 12 6 65 2 92 82 54 19 20 71 5 48 68 77 56 45 16 28 39 87 85 70 75 41 90 91 46 78 13 40 11 1 42 44 58 99 7 30 36 81 24 88 37
TEST 33 ARG:33 18 27 94 59 52 63 29 74 79 23 76 9 66 53 14 80 60 55 50 0 21 51 8 17 4 31 84 38 69 61 32 10 22 95 25 49 67 97 47 26 83 34 62 98 3 89 15 43 73 72 35 96 57 86 64 93 12 6 65 2 92 82 54 19 20 71 5 48 68 77 56 45 16 28 39 87 85 70 75 41 90 91 46 78 13 40 11 1 42 44 58 99 7 30 36 81 24 88 37
TEST 34 ARG:15 47 30 78 35 67 20 94 39 1 5 96 14 50 74 75 59 80 64 65 51 58 97 82 91 38 56 93 72 26 83 60 54 68 85 77 17 22 71 29 79 61 10 90 45 95 0 31 55 3 12 7 42 25 27 37 87 44 24 66 16 21 88 33 32 28 84 92 9 86 99 18 73 53 43 69 48 13 49 70 98 89 63 57 36 23 41 46 8 52 62 81 19 6 4 2 76 11 40 34
TEST 35 ARG:16 3 49 64 0 11 18 50 34 90 47 48 51 44 5 10 30 21 98 55 62 68 80 26 19 33 52 20 75 82 81 7 95 59 42 39 37 1 92 13 63 27 72 99 57 12 17 28 96 14 38 97 91 36 89 77 22 73 35 66 53 69 87 58 45 86 43 85 71 56 84 67 40 31 78 83 65 24 79 32 41 15 8 9 29 54 46 61 2 23 70 93 25 4 60 76 74 88 94 6
TEST 35 ARG:16 3 49 64 0 11 18 50 34 90 47 48 51 44 5 10 30 21 98 55 62 68 80 26 19 33 52 20 75 82 81 7 95 59 42 39 37 1 92 13 63 27 72 99 57 12 17 28 96 14 38 97 91 36 89 77 22 73 35 66 53 69 87 58 45 86 43 85 71 56 84 67 40 31 78 83 65 24 79 32 41 15 8 9 29 54 46 61 2 23 70 93 25 4 60 76 74 88 94 6
TEST 36 ARG:51 25 76 97 13 53 33 21 41 74 43 89 50 18 68 60 36 83 20 40 30 26 24 78 72 63 3 95 64 32 57 0 73 92 8 37 49 48 87 14 81 62 31 38 59 69 96 46 85 58 39 66 88 15 65 19 77 79 86 23 80 2 35 94 11 29 75 10 67 12 4 84 1 70 99 54 22 71 52 28 34 90 47 5 56 42 6 98 61 44 17 55 45 82 16 27 7 91 9 93
